{
 "cells": [
  {
   "cell_type": "code",
   "execution_count": 12,
   "metadata": {},
   "outputs": [],
   "source": [
    "#!/usr/bin/python2\n",
    "\n",
    "## UR5/UR10 Inverse Kinematics - Ryan Keating Johns Hopkins University\n",
    "\n",
    "\n",
    "# ***** lib\n",
    "import numpy as np\n",
    "import time\n",
    "from numpy import linalg\n",
    "from robot_transformation import numpy_imple\n",
    "\n",
    "\n",
    "import cmath\n",
    "import math\n",
    "from math import cos as cos\n",
    "from math import sin as sin\n",
    "from math import atan2 as atan2\n",
    "from math import acos as acos\n",
    "from math import asin as asin\n",
    "from math import sqrt as sqrt\n",
    "from math import pi as pi\n",
    "\n",
    "global mat\n",
    "mat=np.matrix\n",
    "\n",
    "#nash modified parameters\n",
    "global d1, a2, a3, a7, d4, d5, d6\n",
    "\n",
    "\n",
    "UR5NotAuboi5 =True\n",
    "\n",
    "global d, a, alph\n",
    "#UR5 D-H Model parameters\n",
    "if UR5NotAuboi5:\n",
    "    d = [0.0892, 0, 0, 0.10915, 0.09465,0.0823] #ur5\n",
    "    a =[0,0,-0.42500,-0.39225,0,0] #ur5\n",
    "    alpha = [0,math.pi/2, 0, 0, math.pi/2, -math.pi/2]  #ur5\n",
    "    a2 = -0.425\n",
    "    a3 = -0.39225\n",
    "    d4 =  0.10915\n",
    "    d6 =  0.0819\n",
    "else:\n",
    "#Aubo_i5 D-H Model parameters\n",
    "    d = [0.0985, 0, 0, 0.12150, 0.10250,0.094] \n",
    "    a =[0,0,-0.40800,-0.376,0,0] \n",
    "    alpha = [0,math.pi/2, 0, 0, math.pi/2, -math.pi/2] \n",
    "    a2 = -0.40800\n",
    "    a3 = -0.376\n",
    "    d4 =  0.12150\n",
    "    d6 =  0.094\n",
    "    auboi5_offset = np.deg2rad([0,90,0,90,0,-180])\n",
    "#************************************************** FORWARD KINEMATICS\n",
    "def forward_kinematics(theta): \n",
    "    print('theta value',np.rad2deg(theta))\n",
    "    if False == UR5NotAuboi5:\n",
    "        theta[2] = -theta[2]\n",
    "        theta = theta - auboi5_offset\n",
    "    \n",
    "    \n",
    "    homo = np.identity(4)\n",
    "    homo_2 = np.identity(4)\n",
    "    homo_3 = np.identity(4)\n",
    "    \n",
    "    for i in range(6):\n",
    "        adjacent_homo =np.array([[cos(theta[i]),-sin(theta[i]),0,a[i]],\n",
    "                         [sin(theta[i])*cos(alpha[i]), cos(theta[i])*cos(alpha[i]),-sin(alpha[i]),-sin(alpha[i])*d[i]],\n",
    "                         [sin(theta[i])*sin(alpha[i]),cos(theta[i])*sin(alpha[i]), cos(alpha[i]), cos(alpha[i])*d[i]],\n",
    "                         [0,0,0,1]])\n",
    "        homo = np.dot(homo,adjacent_homo)\n",
    "    return homo\n",
    "def rpy2rotate(rpy):\n",
    "    rx,ry,rz =np.deg2rad(np.array(rpy))\n",
    "    matx = [[1,0,0],[0,np.cos(rx),np.sin(rx)],[0,-np.sin(rx), np.cos(rx)]]\n",
    "    maty = [[np.cos(ry), 0, -np.sin(ry)],[0,1,0],[np.sin(ry),0,np.cos(ry)]]\n",
    "    matz = [[np.cos(rz), np.sin(rz),0],[-np.sin(rz), np.cos(rz),0],[0,0,1]]\n",
    "    tranmartix = np.dot(matx,np.dot(maty,matz))#这里需要确认欧拉角的旋转顺序是Z,Y,X轴\n",
    "    return tranmartix\n",
    "\n",
    "def AH(n,th,c  ):#高坐标系往地坐标系转换\n",
    "    i = n-1\n",
    "    theta= th[n-1,c]   \n",
    "    A_i = np.array([[cos(theta),-sin(theta),0,a[i]],\n",
    "                         [sin(theta)*cos(alpha[i]), cos(theta)*cos(alpha[i]),-sin(alpha[i]),-sin(alpha[i])*d[i]],\n",
    "                         [sin(theta)*sin(alpha[i]),cos(theta)*sin(alpha[i]), cos(alpha[i]), cos(alpha[i])*d[i]],\n",
    "                         [0,0,0,1]])\n",
    "    return A_i\n",
    "# ************************************************** INVERSE KINEMATICS \n",
    "\n",
    "def invKine(desired_pos):# T60\n",
    "    print('desired_pos\\n',desired_pos)\n",
    "    th = mat(np.zeros((6, 8)))\n",
    "    P_05 = (desired_pos * mat([0,0, -d6, 1]).T-mat([0,0,0,1 ]).T)\n",
    "    \n",
    "    # **** theta1  ****\n",
    "    \n",
    "    psi = atan2(P_05[2-1,0], P_05[1-1,0])\n",
    "    phi = acos(d4 /sqrt(P_05[2-1,0]*P_05[2-1,0] + P_05[1-1,0]*P_05[1-1,0]))\n",
    "    #The two solutions for theta1 correspond to the shoulder\n",
    "    #being either left or right\n",
    "    th[0, 0:4] = pi/2 + psi + phi\n",
    "    th[0, 4:8] = pi/2 + psi - phi\n",
    "    th = th.real \n",
    "    # **** theta5  ****\n",
    "\n",
    "    cl = [0, 4]# wrist up or down\n",
    "    for i in range(0,len(cl)):\n",
    "            c = cl[i]\n",
    "            T_10 = linalg.inv(AH(1,th,c))\n",
    "            T_16 = np.dot(T_10, desired_pos)\n",
    "            th[4, c:c+2] = + acos((-T_16[1,3]-d4)/d6);\n",
    "            th[4, c+2:c+4] = - acos((-T_16[1,3]-d4)/d6);\n",
    "\n",
    "    th = th.real\n",
    "  # **** theta6 ****\n",
    "  # theta6 is not well-defined when sin(theta5) = 0 or when T16(1,3), T16(2,3) = 0.\n",
    "\n",
    "    cl = [0, 2, 4, 6]\n",
    "    for i in range(0,len(cl)):\n",
    "        c = cl[i]\n",
    "        T_10 = linalg.inv(AH(1,th,c))\n",
    "        T_16 =  np.dot(T_10 , desired_pos) \n",
    "        th[5, c:c+2] = atan2((T_16[1,1]/sin(th[4, c])),(-T_16[1,0]/sin(th[4, c])))\n",
    "      \n",
    "    th = th.real\n",
    "\n",
    "    # **** theta3 ****\n",
    "    cl = [0, 2, 4, 6]\n",
    "    for i in range(0,len(cl)):\n",
    "        c = cl[i]\n",
    "        T_10 = np.linalg.inv(AH(1,th,c))\n",
    "        T_65 = np.linalg.inv(AH( 6,th,c))\n",
    "        T_54 = np.linalg.inv(AH( 5,th,c))\n",
    "        T_14 = np.dot(np.dot(T_10 ,desired_pos) , np.dot(T_65,T_54))\n",
    "        temp_len = T_14[0,3]**2 + T_14[2,3]**2 \n",
    "        t3 = cmath.acos((temp_len - a2**2 - a3**2 )/(2 * a2 * a3)) #\n",
    "        th[2, c] = t3.real\n",
    "        th[2, c+1] = -t3.real\n",
    "    \n",
    "  # **** theta2 and theta 4 ****\n",
    "\n",
    "    cl = [0, 1, 2, 3, 4, 5, 6, 7]\n",
    "    for i in range(0,len(cl)):\n",
    "        c = cl[i]\n",
    "        T_10 = np.linalg.inv(AH(1,th,c))\n",
    "        T_65 = np.linalg.inv(AH( 6,th,c))\n",
    "        T_54 = np.linalg.inv(AH( 5,th,c))\n",
    "        T_14 = np.dot(np.dot(T_10 ,desired_pos) , np.dot(T_65,T_54))\n",
    "        temp_len = np.sqrt(T_14[0,3]**2 + T_14[2,3]**2)\n",
    "        # theta 2\n",
    "        th[1, c] = atan2(-T_14[2,3], -T_14[0,3]) - asin(-a3* sin(th[2,c])/temp_len)\n",
    "        # theta 4\n",
    "        T_32 = linalg.inv(AH( 3,th,c))\n",
    "        T_21 = linalg.inv(AH( 2,th,c))\n",
    "        T_34 = np.dot(T_32,np.dot(T_21,T_14))\n",
    "        th[3, c] = -atan2(T_34[0,1], T_34[0,0])\n",
    "    th = th.real\n",
    "    if False == UR5NotAuboi5:\n",
    "        for iadd in range(6):\n",
    "            if iadd == 2: \n",
    "                th[iadd] = -th[iadd] + auboi5_offset[iadd]\n",
    "            else:\n",
    "                th[iadd] = th[iadd] + auboi5_offset[iadd]\n",
    "    return th\n"
   ]
  },
  {
   "cell_type": "code",
   "execution_count": 15,
   "metadata": {
    "scrolled": true
   },
   "outputs": [
    {
     "name": "stdout",
     "output_type": "stream",
     "text": [
      "the rotate matrix\n",
      " [[ 0.93035084 -0.32541312 -0.16897818]\n",
      " [-0.35048415 -0.92463299 -0.14904598]\n",
      " [-0.10774129  0.19788923 -0.97428521]]\n",
      "theta value [ 12.61 -90.     0.   -90.     0.     0.  ]\n",
      "T06 homo\n",
      " [[-9.75878674e-01  1.32878520e-16  2.18313568e-01  4.17961325e-02]\n",
      " [-2.18313568e-01 -3.30196335e-17 -9.75878674e-01 -1.86831972e-01]\n",
      " [-1.22464680e-16 -1.00000000e+00  6.12323400e-17  1.00110000e+00]\n",
      " [ 0.00000000e+00  0.00000000e+00  0.00000000e+00  1.00000000e+00]] \n",
      "\n",
      "T60 homo\n",
      ", [[-9.75878674e-01 -2.18313568e-01 -1.22464680e-16  6.09738801e-17]\n",
      " [ 1.32878520e-16 -3.30196335e-17 -1.00000000e+00  1.00110000e+00]\n",
      " [ 2.18313568e-01 -9.75878674e-01  6.12323400e-17 -1.91450000e-01]\n",
      " [ 0.00000000e+00  0.00000000e+00  0.00000000e+00  1.00000000e+00]] \n",
      "\n",
      "desired_pos\n",
      " [[-9.75878674e-01  1.32878520e-16  2.18313568e-01  4.17961325e-02]\n",
      " [-2.18313568e-01 -3.30196335e-17 -9.75878674e-01 -1.86831972e-01]\n",
      " [-1.22464680e-16 -1.00000000e+00  6.12323400e-17  1.00110000e+00]\n",
      " [ 0.00000000e+00  0.00000000e+00  0.00000000e+00  1.00000000e+00]]\n",
      "initial theta value [ 12.61 -90.     0.   -90.     0.     0.  ]\n",
      "theta value [  17.50771679  -89.46955469    0.           89.46955469    4.89771679\n",
      " -180.        ]\n",
      "T06 homo\n",
      " [[-9.75878674e-01  1.63854884e-16  2.18313568e-01  4.35877425e-02]\n",
      " [-2.18313568e-01 -1.04131418e-16 -9.75878674e-01 -1.86684712e-01]\n",
      " [-1.36163380e-16 -1.00000000e+00  1.36615388e-16  8.11764977e-01]\n",
      " [ 0.00000000e+00  0.00000000e+00  0.00000000e+00  1.00000000e+00]] \n",
      "\n",
      "theta value [  17.50771679  -89.46955469   -0.           89.46955469    4.89771679\n",
      " -180.        ]\n",
      "T06 homo\n",
      " [[-9.75878674e-01  1.63854884e-16  2.18313568e-01  4.35877425e-02]\n",
      " [-2.18313568e-01 -1.04131418e-16 -9.75878674e-01 -1.86684712e-01]\n",
      " [-1.36163380e-16 -1.00000000e+00  1.36615388e-16  8.11764977e-01]\n",
      " [ 0.00000000e+00  0.00000000e+00  0.00000000e+00  1.00000000e+00]] \n",
      "\n",
      "theta value [ 1.75077168e+01 -8.93466970e+01  0.00000000e+00 -9.06533030e+01\n",
      " -4.89771679e+00  4.79590663e-14]\n",
      "T06 homo\n",
      " [[-9.75878674e-01  1.02298176e-16  2.18313568e-01  4.19166046e-02]\n",
      " [-2.18313568e-01 -1.07019295e-16 -9.75878674e-01 -1.87211868e-01]\n",
      " [-7.48238538e-17 -1.00000000e+00  1.26547027e-16  1.00104687e+00]\n",
      " [ 0.00000000e+00  0.00000000e+00  0.00000000e+00  1.00000000e+00]] \n",
      "\n",
      "theta value [ 1.75077168e+01 -8.93466970e+01 -0.00000000e+00 -9.06533030e+01\n",
      " -4.89771679e+00  4.79590663e-14]\n",
      "T06 homo\n",
      " [[-9.75878674e-01  1.02298176e-16  2.18313568e-01  4.19166046e-02]\n",
      " [-2.18313568e-01 -1.07019295e-16 -9.75878674e-01 -1.87211868e-01]\n",
      " [-7.48238538e-17 -1.00000000e+00  1.26547027e-16  1.00104687e+00]\n",
      " [ 0.00000000e+00  0.00000000e+00  0.00000000e+00  1.00000000e+00]] \n",
      "\n",
      "theta value [ 7.71228321e+00 -9.06533030e+01  0.00000000e+00 -8.93466970e+01\n",
      "  4.89771679e+00 -3.39256477e-14]\n",
      "T06 homo\n",
      " [[-9.75878674e-01  2.18352786e-16  2.18313568e-01  4.18490157e-02]\n",
      " [-2.18313568e-01 -8.32406397e-17 -9.75878674e-01 -1.87226988e-01]\n",
      " [-1.94302959e-16 -1.00000000e+00  1.28620509e-16  1.00104687e+00]\n",
      " [ 0.00000000e+00  0.00000000e+00  0.00000000e+00  1.00000000e+00]] \n",
      "\n",
      "theta value [ 7.71228321e+00 -9.06533030e+01 -0.00000000e+00 -8.93466970e+01\n",
      "  4.89771679e+00 -3.39256477e-14]\n",
      "T06 homo\n",
      " [[-9.75878674e-01  2.18352786e-16  2.18313568e-01  4.18490157e-02]\n",
      " [-2.18313568e-01 -8.32406397e-17 -9.75878674e-01 -1.87226988e-01]\n",
      " [-1.94302959e-16 -1.00000000e+00  1.28620509e-16  1.00104687e+00]\n",
      " [ 0.00000000e+00  0.00000000e+00  0.00000000e+00  1.00000000e+00]] \n",
      "\n",
      "inverse solutions\n",
      "\n",
      "[[ 1.75077168e+01  1.75077168e+01  1.75077168e+01  1.75077168e+01\n",
      "   7.71228321e+00  7.71228321e+00  7.71228321e+00  7.71228321e+00]\n",
      " [-8.94695547e+01 -8.94695547e+01 -8.93466970e+01 -8.93466970e+01\n",
      "  -9.06533030e+01 -9.06533030e+01 -9.05304453e+01 -9.05304453e+01]\n",
      " [ 0.00000000e+00 -0.00000000e+00  0.00000000e+00 -0.00000000e+00\n",
      "   0.00000000e+00 -0.00000000e+00  0.00000000e+00 -0.00000000e+00]\n",
      " [ 8.94695547e+01  8.94695547e+01 -9.06533030e+01 -9.06533030e+01\n",
      "  -8.93466970e+01 -8.93466970e+01  9.05304453e+01  9.05304453e+01]\n",
      " [ 4.89771679e+00  4.89771679e+00 -4.89771679e+00 -4.89771679e+00\n",
      "   4.89771679e+00  4.89771679e+00 -4.89771679e+00 -4.89771679e+00]\n",
      " [-1.80000000e+02 -1.80000000e+02  4.79590663e-14  4.79590663e-14\n",
      "  -3.39256477e-14 -3.39256477e-14  1.80000000e+02  1.80000000e+02]]\n"
     ]
    }
   ],
   "source": [
    "#UR5\n",
    "## 268.34,54.05,636.98 0.0979,0.8833,-1.0375\n",
    "#-70.72,-78.52,599.76 0.5576,0.2695,0.8237\n",
    "#-220.69,45.03,656.97 0.66480,3.6016,-1.3841\n",
    "#-580.08,256.72,684.64 1.1683,0.4713,-1.5864\n",
    "#-650.34,-69.47,583.79 0.5164,1.5607,-1.5163\n",
    "option_index=0\n",
    "if UR5NotAuboi5:\n",
    "    th = np.deg2rad(np.array([\n",
    "        [0,0,0,0,0,0],\n",
    "        [49.490,-54.125,-81.3975,9.430,-52.3710,-0.147],\n",
    "        [-87.30,-34.28,-107.62,-152.90,245.70,40.59],\n",
    "        [-64.59,-31.51,-77.36,-151.92,30.84,40.59],\n",
    "        [-40.58,-21.63,-47.76,-42.02,28.30,40.60],\n",
    "        [-10.11,-9.25,-46.46,-109.15,28.31,40.60]\n",
    "    ]))\n",
    "    rotate_vectors = np.array([[120.527,-21.274,-8.7098],\n",
    "          [0.5576,0.2695,0.8237],\n",
    "          [0.66480,3.6016,-1.3841],\n",
    "          [1.1683,0.4713,-1.5864],\n",
    "          [0.5164,1.5607,-1.5163]])\n",
    "    num_obj = numpy_imple()\n",
    "    rotate_matrix = num_obj.rot_vec2mat(rotate_vectors[option_index].tolist())\n",
    "    print('the rotate matrix\\n',np.linalg.inv(np.array(rotate_matrix)))\n",
    "else:\n",
    "    th = (np.array([\n",
    "        [0.13007,-0.07936,-0.83157,0.2356,-0.9886,0.0876],\n",
    "        [22.70,47.36,0,217.35,98.38,-154.29],\n",
    "        [22.70, 7.3269, -61.594, 15.80, -98.37, 25.71],\n",
    "        [0,-7.291,-75.69,21.60,-90,0],\n",
    "        [-15.26,-28.537,27.679,-38.747,65.539,-55.739],\n",
    "        [11.818,7.10,24.0588,0,0,0],\n",
    "        [-167.724,52.302,-(35.626),132.345,95.213,19.218],\n",
    "        [-18.422,-59.115,-(49.768),60.484,6.012,19.924],\n",
    "        [-40.58,-21.63,-(47.76),-42.02,28.30,40.60],\n",
    "        [-10.11,-9.25,-(46.46),-109.15,28.31,40.60]\n",
    "    ]))\n",
    "    euler_angles = np.array([[143.915,-30.358,-67.19],\n",
    "                             [90,-31.159,11.813],\n",
    "                             [-57.160,19.049,-71.90],\n",
    "                             [72.616,-73.44,1.790]])\n",
    "    rotate_matrix = rpy2rotate(euler_angles[option_index].tolist())\n",
    "    print('the rotate matrix\\n',np.linalg.inv(np.array(rotate_matrix)))\n",
    "homo = forward_kinematics(th[option_index])\n",
    "print('T06 homo\\n',homo,'\\n')\n",
    "print('T60 homo\\n,',np.linalg.inv(homo),'\\n')\n",
    "\n",
    "inverse_solutions = invKine(homo)\n",
    "print('initial theta value',np.rad2deg(th[option_index]))\n",
    "for i in range(6):\n",
    "    homo = forward_kinematics(np.array(inverse_solutions[:,i]).reshape(6))\n",
    "    print('T06 homo\\n',homo,'\\n')\n",
    "print('inverse solutions\\n')\n",
    "print(np.array(np.rad2deg(inverse_solutions)))"
   ]
  },
  {
   "cell_type": "code",
   "execution_count": 8,
   "metadata": {},
   "outputs": [
    {
     "name": "stdout",
     "output_type": "stream",
     "text": [
      "inver [[ 0.01704545  0.15340909 -0.15340909  0.06534091]\n",
      " [ 0.05965909  0.03693182 -0.03693182 -0.02130682]\n",
      " [-0.30113636 -1.71022727  0.71022727  0.67897727]\n",
      " [ 0.21875     1.46875    -0.46875    -0.578125  ]]\n"
     ]
    },
    {
     "data": {
      "text/plain": [
       "array([[ 1, 22,  4,  4],\n",
       "       [ 3,  1,  4,  5],\n",
       "       [ 0,  6,  7,  8],\n",
       "       [ 8,  6,  6,  6]])"
      ]
     },
     "execution_count": 8,
     "metadata": {},
     "output_type": "execute_result"
    }
   ],
   "source": [
    "homo =np.array( [[1,22,4,4],[3,1,4,5],[0,6,7,8],[8,6,6,6]])\n",
    "print('inver', np.linalg.inv(homo))\n",
    "homo\n"
   ]
  }
 ],
 "metadata": {
  "kernelspec": {
   "display_name": "Python 3",
   "language": "python",
   "name": "python3"
  },
  "language_info": {
   "codemirror_mode": {
    "name": "ipython",
    "version": 3
   },
   "file_extension": ".py",
   "mimetype": "text/x-python",
   "name": "python",
   "nbconvert_exporter": "python",
   "pygments_lexer": "ipython3",
   "version": "3.6.5"
  }
 },
 "nbformat": 4,
 "nbformat_minor": 2
}
